-10.883263	-13.027295
-8.338000	-7.474999
-7.556653	-7.794493
-15.691043	-9.017257
-1.151446	-8.593158
-2.363030	-5.249285
-11.233463	-9.009833
-8.523548	-4.966296
-5.179006	-5.444838
-9.299444	-5.062066
-8.002731	-15.585749
-8.412299	-0.155530
-12.065874	-5.806532
-3.077694	-3.040863
-5.332180	-1.186310
-2.894492	-6.407886
-11.865747	-9.815945
-2.620810	-8.967300
-6.643538	-8.640692
-9.468590	-8.358402
-10.107243	-10.697938
-10.519595	-2.467884
-6.987580	-10.525342
-5.856629	-3.734672
-9.652635	-8.477549
-11.057904	-14.485637
-9.391891	-9.514444
-6.939406	2.439856
-7.546633	-6.797860
-11.779581	-10.941591
-11.447991	-4.952046
-12.181857	-10.779083
-4.200648	-4.244713
0.969755	-7.397885
-3.563993	-9.761658
1.019498	-9.904581
-12.481377	-11.509469
2.207230	-7.075746
-12.715707	-3.367460
-10.893566	-6.111127
-8.513581	-10.378588
-9.036623	-1.729329
-9.664568	-8.978337
-10.465673	-6.568398
-6.402905	-10.405056
-12.349839	-11.775006
-7.075504	-13.743872
-9.468039	-2.005623
-9.044778	-13.866997
-8.986028	-9.654893
-3.424285	-14.174415
-10.595228	-6.357629
-11.491547	-7.999685
-13.166875	-0.962313
-7.215533	-14.318257
-17.831683	-10.427039
-10.891381	-3.802294
-12.137309	-1.856712
-13.964561	-3.493428
-9.071432	-6.511598
-4.733995	-6.604038
-3.005918	-9.694690
-7.348617	-6.395905
-12.722031	-16.416094
-11.662835	5.878263
-8.540913	-6.432375
-5.998795	-2.772230
-2.888145	-11.988135
-1.527409	-8.120660
-8.419192	-7.948124
-9.791247	-11.435161
-9.266986	-4.831597
-6.918226	-9.016688
-10.843416	-4.624282
-9.894249	-7.109845
-3.202530	4.685741
-11.745227	-3.089861
-7.606390	-4.283582
-13.558147	-6.990613
-6.172932	-0.659725
-3.969639	-10.579840
-6.216337	-4.423316
3.138175	-8.958999
-6.865225	-8.085206
-2.904480	-4.063628
-5.203260	-5.808108
-0.564886	-4.502229
-9.819397	-6.010164
-15.438047	-11.462997
-0.358446	-7.442379
-7.056007	-5.822562
-13.247450	-6.269951
-13.974451	-4.870343
-4.854340	-9.786242
-10.008251	-6.155225
-7.746690	-6.873657
-1.940939	-7.523006
-10.278580	-2.645245
-12.259471	-3.982761
-10.492181	-6.951981
-10.084710	-11.902614
-5.755817	-11.119874
-10.604268	-3.480019
-6.980313	-15.886646
-3.106090	-2.978516
-9.076061	-5.280203
-3.821671	-4.788267
-12.606490	-5.967035
-6.349641	-4.586459
-0.693583	-5.534263
-5.569329	-14.427758
-9.040846	-5.915938
-10.486053	-6.159966
-6.396279	-13.330719
-19.663147	-10.053978
-9.505002	-1.773931
-14.473774	-12.324749
-3.135338	-9.083599
-3.300183	-3.147373
-12.574863	-7.663607
-4.296846	-5.466691
-8.602512	-13.471000
-3.403294	-6.702757
-3.627602	-5.377168
-8.339111	-10.125759
-11.867469	-13.277390
4.379671	-13.448326
-8.562909	-9.450270
-4.477196	-9.440608
-13.960265	-6.785674
-3.261030	-10.667540
-10.242985	-16.121399
-7.397051	-3.719961
-4.083788	-10.967194
-9.197405	-10.558280
-5.534829	-10.318926
-6.961336	-7.264240
-4.195392	-0.816313
-4.079324	-15.487809
-14.852183	-10.737957
-4.486452	-4.528386
-6.639239	-7.872473
-6.074369	-12.180254
-10.424799	6.424428
-10.000407	-14.131655
-12.666804	-8.801256
-7.301570	-6.367051
-7.979736	-8.222563
-14.537069	-12.167212
-8.579102	-5.824485
-3.640409	-2.601903
-3.534497	0.393119
-11.415562	-10.722468
-13.050536	-9.224546
-4.371511	-10.532506
-6.450077	-8.825938
-4.790946	-7.205367
-11.794390	-5.468395
-6.713501	-9.635003
-10.888538	-15.463213
-7.426706	-5.979300
-7.911523	-5.134571
-12.114435	-9.785024
-4.534842	-9.637510
-9.997840	-9.772944
-2.129973	-12.410057
-7.548323	-10.663246
-3.339499	-4.574755
-0.932895	-5.167483
-9.664847	-11.979433
-9.072065	-17.171165
6.076237	-10.147613
-6.336907	-11.313833
-5.513478	-8.954419
-3.474103	-11.211770
-13.443762	-7.956278
-15.571701	-9.807049
-2.862992	-16.585189
-7.599231	-9.533962
-11.612713	-9.743179
-6.281453	-13.549763
-9.547887	-4.964713
-8.983704	-4.193257
-6.178175	-5.053202
-2.474037	-9.407923
-10.823587	-7.425494
-12.879603	-8.663882
-11.781745	-13.100082
-8.017633	-12.277017
-8.001125	-4.602634
-5.322531	-5.618950
-7.717454	-3.145436
-7.490473	-7.044703
-7.535963	-16.772470
-12.299712	-4.095610
-7.506916	-3.696536
-10.979864	-7.460890
-7.367146	-8.054003
-8.510878	-4.949784
-12.287584	-7.668280
-13.887951	-2.291407
-15.614897	-7.638632
-12.701759	-7.132320
-5.371384	-10.640169
-7.030818	-9.802986
-3.034380	-0.800577
-11.164279	-7.569752
-1.400798	-4.271267
-14.486515	-12.476266
-7.891165	-4.632455
1.315893	-6.278452
-20.247324	-0.398884
-4.291193	-9.327905
-11.072790	-5.334994
-8.962202	-8.504770
-11.011739	-9.599292
-6.549840	-12.130663
-6.813866	-1.590214
-4.540947	-5.622417
-3.039369	-4.455944
-16.143581	-7.588377
-14.476055	-9.809598
-9.663671	-7.087850
-7.384407	-7.783929
-10.674280	-13.412314
-12.552721	-9.762160
-9.147789	-10.856844
-5.838957	-15.321678
-11.489774	-5.339885
-7.523733	-10.258742
-4.965295	-5.378759
-14.346308	-13.579406
-6.409893	-7.809144
-4.772610	-15.742431
-10.537758	-11.367566
-0.389174	-4.877832
-6.017031	-10.093010
-10.480591	-11.313151
-11.167846	-8.537076
-9.779037	-14.453058
-5.758245	-3.066812
-12.437930	-8.109189
-10.021363	-1.973890
-9.095905	-14.906953
-7.391584	-6.288339
-7.201994	-7.086351
-11.516209	-11.155306
-3.379046	-7.921620
-5.660321	-14.032936
-6.888927	-11.807349
-6.225119	-9.573916
-7.088562	-10.550023
-0.498306	-5.652639
1.699945	-17.679931
-6.944086	-6.165920
-12.694170	-13.857854
-13.854054	-12.513157
-10.496064	-13.941744
-4.046053	-7.406455
-8.968006	-3.858410
-11.709247	-11.206920
-2.911758	-10.234225
-6.491699	-16.417158
-9.001385	-7.651651
-10.892046	-11.284223
-11.070293	-9.887496
-12.834082	-10.454330
-7.425668	-10.888682
-7.698888	-13.443031
-15.830499	-11.995662
-3.400320	-5.706235
-10.390241	-12.249135
-4.634097	-7.275196
-12.310780	-11.864696
-12.238917	-4.415732
-13.177787	-12.508776
-12.777308	-9.072075
-6.395085	-5.038822
-10.914066	-4.674461
-15.601046	-3.994529
-12.486687	-10.257276
-13.173524	-2.348408
-7.775588	-10.109764
-9.298697	-5.930550
-3.075464	-8.030307
-9.584047	-9.837949
-3.930452	-17.773223
-3.574572	-13.144826
-8.332936	-14.375212
-9.513001	-4.201122
-10.382391	-2.408496
-10.149503	-11.412506
-7.121103	-8.063234
0.701399	-8.663115
-7.894620	-12.857936
0.372075	0.339165
-11.162506	-12.017840
-4.286339	-0.324013
-8.900809	-13.512601
-11.556340	-13.128080
-10.131933	-12.118506
-10.050468	-7.603441
-7.722352	-2.083364
-8.709644	-3.241320
-8.839489	-11.025759
-8.397399	-5.970926
-16.233589	-11.188849
-1.724997	-8.367720
-9.563000	-6.373972
-7.464111	-5.339725
-7.360236	-5.165120
-10.443882	-4.861072
-4.186963	-13.395950
-16.535063	-6.115978
-12.176981	-4.596713
-11.319087	-9.273418
-10.303188	-9.328677
-17.980824	-7.976987
-13.769130	-15.756044
-6.403167	-7.451676
-10.668523	-3.332624
-8.208664	-4.390655
-7.960055	-11.861227
-7.112703	-5.768426
-7.825762	-7.107252
-6.621877	-5.258425
-0.032426	-5.833410
-10.646112	-7.822833
-9.118555	-5.196090
-8.699282	0.340353
-11.769630	-10.762721
-10.099549	-14.283739
-11.049567	-3.870669
-2.571147	-15.754979
-9.618222	-13.114413
-3.399089	-13.410580
-3.737424	-3.641477
-12.514594	-10.498042
-7.137973	-9.584559
-5.790362	-2.907816
-9.548843	-3.845679
-6.371966	-3.224116
-4.174227	-3.743890
-8.392073	-3.842018
-4.825102	-6.084860
-14.234828	-9.934041
-9.577799	-5.363015
-5.710506	-4.777259
-17.985261	-9.820213
-1.498856	-7.142282
-11.993044	-5.166264
-6.979957	-13.043911
-2.573441	-8.804940
-5.979594	-4.484809
-12.422386	-1.526883
-7.035794	-11.003730
-4.737666	-7.778110
-2.749256	0.567660
-14.505239	-6.034866
2.629731	-3.960364
-6.161032	-7.073879
-5.664604	-9.976039
-0.738884	-10.576841
-7.650211	-7.114975
-6.901402	-3.073075
-5.136707	-8.929907
-7.218011	-14.059970
-12.823678	-14.180929
-9.133520	-6.689487
-5.078298	-4.623240
-10.643463	-8.503852
-9.562078	-4.060221
-10.540730	-11.520943
-5.705076	-13.543385
-7.177121	-8.374794
-12.281169	-7.430828
-9.063273	-8.296657
-12.226173	-3.686691
-1.639578	-6.051483
-8.256842	-10.817405
-11.203011	-10.020197
-5.080528	-10.239556
-10.072937	-8.010706
-6.294274	-5.982579
-14.332683	-14.967510
2.420625	-6.740769
-3.655018	-7.944325
-5.285041	-10.500780
-6.210157	1.027709
-2.581324	-11.769941
-10.204851	-5.189413
-8.616225	-17.749328
-7.928979	-10.868611
-9.680565	0.813051
-11.997346	-8.560388
-10.081484	-12.535829
-8.934258	-10.997371
-12.994163	-2.552019
-5.838837	-13.607393
-13.628458	-12.283054
-15.776133	-2.979044
-4.066779	-9.577146
3.712087	-8.426961
-7.702858	-14.508027
-13.694335	-3.571938
-9.224480	-12.350770
-3.121293	-6.032514
-4.795309	-12.703878
-6.063418	-12.509713
-3.156144	-8.197309
-18.676688	-1.025810
-1.719203	-7.724957
-10.535714	-9.205789
-1.382815	-15.742644
-7.260369	-10.667438
-13.334412	-17.996379
-6.727784	4.462539
-1.883832	-10.229738
-3.994949	-17.197529
-3.529397	-0.257353
-14.245682	-5.723480
-9.926345	-6.755332
-4.162690	-7.454800
-12.722458	-8.204463
-5.010279	-8.807938
-7.730319	-11.479781
-14.541446	-10.803629
-10.353509	-9.475830
-10.223858	-8.466374
-12.690862	-11.660041
-4.895997	-7.366014
-1.156290	-15.603992
-3.721693	-8.041361
-5.351675	-10.173757
0.529505	-0.015601
-9.834228	-8.072454
-3.120629	-3.471664
-9.557938	-4.453160
-16.195570	-3.833070
-7.090287	-5.055452
-8.714778	-8.935442
-9.278090	-7.872673
-14.293363	-8.029867
-10.038692	-11.340151
-3.399171	-12.339573
-3.774031	-6.363496
-7.580525	-9.032684
-2.073445	-11.754679
0.211462	-10.107114
-11.552137	-6.279758
-6.223690	-4.876077
-7.951369	-6.189490
-2.958145	-5.612709
-5.980062	-7.247621
-7.045231	-4.456301
-13.766063	-9.951378
-9.546895	-9.921235
-9.969486	-3.779965
-5.611832	-11.989793
-12.264281	-6.141079
-10.930073	-3.891957
-10.954267	-12.524794
-5.644768	-9.199021
-6.630017	-10.837963
-3.849237	-7.448971
-14.538873	-10.462223
-5.685798	-11.428771
-8.584682	-4.226756
-8.440395	-12.671523
-6.040211	-9.333733
-7.455653	-12.660037
-21.511257	-16.404824
-9.801489	-6.831509
-3.641906	-12.155770
-14.984090	-12.650046
-6.970657	-2.406452
-7.314652	-5.521215
-19.231417	-3.219597
-3.515128	-16.953910
-5.986981	-4.134107
-5.613235	-7.735930
-6.391332	-9.196098
-8.760451	-12.929299
-8.346275	-7.178485
-7.920357	-6.380038
-19.446727	-8.415178
-5.946747	-12.891686
-9.022144	-9.360227
-6.510044	-12.101501
-12.630532	-11.422420
-9.278580	-4.821454
-11.367105	0.989281
-9.013457	-14.071036
-7.652411	-7.336353
-2.937688	-2.932416
-17.502206	-7.745302
-6.282366	-19.114619
-7.399348	-12.264529
-11.693724	-6.659392
-5.658466	-13.657658
7.557344	-13.608438
6.464694	-13.449592
10.411951	-12.852803
9.810758	-14.849884
7.683466	-11.435083
6.622558	-13.541381
8.732001	-11.707322
10.438914	-12.854452
11.993632	-15.604571
6.710232	-13.500442
11.065995	-11.558170
7.167687	-12.643149
10.301955	-13.529158
7.751610	-14.196391
9.844148	-11.372143
10.397522	-15.150504
8.892284	-13.376017
10.348617	-12.889375
8.548805	-14.497752
6.473831	-15.105781
8.526831	-13.841939
7.665054	-10.903428
8.964529	-11.984370
6.885180	-13.679563
9.043549	-10.559762
5.778438	-12.689799
9.209043	-15.833943
8.701373	-12.511487
10.921561	-12.220782
9.575752	-14.733076
8.729984	-12.783102
8.603982	-12.604806
9.025111	-12.722479
10.070400	-14.043343
7.934127	-12.171382
7.544368	-11.766486
11.634836	-12.368394
6.486303	-14.451138
8.163834	-14.405996
7.979289	-13.491887
8.923289	-12.473469
7.861464	-12.430456
9.399374	-11.697766
8.311521	-12.661312
10.614587	-11.557236
9.594666	-12.872184
10.014560	-11.117973
8.524606	-14.936158
10.944369	-11.373260
9.968281	-12.572896
8.539939	-14.121686
9.382814	-11.878748
10.082000	-12.202871
11.475811	-12.376943
9.667450	-12.207534
10.981288	-14.244567
7.712532	-12.433587
9.010924	-14.100782
9.590325	-14.379708
6.305085	-13.468230
5.821607	-12.407930
9.757068	-12.770532
8.551898	-14.044118
9.661321	-14.427322
9.913373	-11.727581
8.955473	-13.260912
8.492798	-14.546935
7.829928	-11.016021
8.963728	-14.482499
8.302447	-12.740218
10.383424	-12.371545
7.860659	-14.012258
8.432129	-14.050469
7.735243	-13.728613
11.415934	-13.039795
6.819202	-13.610287
10.031513	-13.346174
8.972213	-12.373707
9.160306	-13.917567
9.455048	-14.740651
7.905021	-12.282033
12.288968	-14.754421
8.157251	-12.726859
7.205682	-11.796332
10.155279	-13.682219
11.057397	-11.275572
9.524444	-13.009497
9.665755	-11.788279
7.716657	-12.943464
9.212322	-16.007302
11.902007	-12.826373
10.476624	-12.061232
10.359284	-12.457149
6.593819	-11.671676
10.139542	-10.891065
9.449838	-13.162785
9.926092	-11.432080
10.820447	-12.713018
7.331862	-14.449674
10.387460	-13.689663
7.534201	-12.442391
11.361130	-11.792785
9.219224	-15.130088
7.572943	-12.945857
9.432255	-13.693318
9.677727	-12.699668
8.089153	-12.647634
9.451595	-10.873640
8.330691	-13.658089
8.483567	-12.114935
9.515190	-13.193886
6.959099	-11.102081
8.379086	-13.735944
10.754817	-14.669667
8.259442	-10.653762
7.418400	-11.862227
8.254060	-12.034718
8.141145	-13.994944
8.557519	-13.635562
7.891263	-11.093909
9.707738	-11.778268
9.973077	-14.449971
8.081575	-12.185670
9.025555	-11.408432
9.879974	-13.523925
8.792473	-13.730654
8.191409	-11.747744
7.333321	-13.374225
8.419307	-12.001084
9.475825	-11.007895
8.398188	-11.885477
8.346384	-12.278371
9.638604	-12.590916
10.484166	-11.203882
8.572415	-13.065254
11.265582	-11.978586
9.377882	-14.305371
6.718948	-12.708417
8.772959	-13.677740
11.278884	-14.194183
8.883869	-13.872806
8.532626	-13.564754
8.082997	-11.668922
6.535482	-11.211289
8.130743	-11.353659
10.800438	-13.182434
6.754810	-13.295407
10.704201	-13.081276
9.635468	-14.484124
8.393780	-14.509645
9.623468	-10.853143
6.379602	-11.931092
7.666696	-15.664415
7.369746	-10.631281
8.686060	-12.726274
9.319079	-12.672546
9.229298	-12.173686
8.442098	-14.247578
7.356703	-13.772079
8.616558	-10.600754
8.849618	-13.968495
9.638555	-11.553984
7.927494	-13.772589
6.938109	-10.470356
8.352019	-13.102795
7.696482	-11.927635
11.166791	-13.356694
8.044633	-14.622530
8.239261	-12.182870
7.925956	-14.540343
10.129649	-11.863375
8.023583	-12.189446
9.518577	-13.132577
9.840224	-12.907825
9.172973	-12.653641
9.998501	-13.791441
7.615047	-11.744720
8.832992	-13.187086
8.435179	-12.656721
10.479000	-14.258698
8.139446	-13.201017
10.842889	-13.736347
10.594127	-13.184717
8.356374	-12.275142
8.998584	-10.990402
10.017524	-12.157418
10.026041	-13.329307
9.821987	-15.611725
8.943469	-14.391104
10.280285	-12.899369
10.251508	-13.179075
9.347567	-13.044989
9.841826	-13.334477
8.698434	-11.936248
10.587552	-14.319516
8.247880	-12.456577
8.287206	-13.944076
8.475325	-14.765021
8.904997	-14.644539
6.794394	-11.041594
8.325461	-14.432892
8.982098	-10.884693
7.282868	-12.688170
10.722975	-11.770862
7.781633	-12.991078
8.636446	-12.902360
9.762878	-13.522303
8.942138	-13.044164
10.856555	-10.792374
9.448160	-12.170340
8.205184	-12.900148
9.535092	-14.885821
9.406459	-11.697925
8.907991	-11.004911
6.300389	-12.190065
7.520406	-13.567432
8.930777	-12.888707
6.729905	-14.780514
8.283131	-11.330675
9.730788	-11.780948
10.932963	-13.957326
8.280281	-13.789559
6.708092	-12.646496
10.236844	-14.573186
10.030837	-13.787469
9.035154	-13.738280
8.437686	-11.879930
9.820443	-13.284469
9.845738	-12.851568
9.915378	-10.926060
7.572330	-14.286626
10.740918	-11.821773
7.657939	-11.674154
9.833452	-10.869182
10.736617	-12.404262
8.127268	-11.933265
9.397708	-11.793497
8.171773	-11.137224
9.864702	-15.355200
10.407860	-13.919951
7.966997	-13.763688
6.375056	-11.122927
8.390544	-15.310308
9.958386	-13.157300
9.855468	-13.696727
9.114395	-15.126276
7.659336	-12.330452
8.689347	-13.205620
7.698779	-11.907016
8.961646	-13.341708
9.657726	-10.911683
9.088394	-10.929940
6.826771	-12.648474
10.121387	-14.796796
8.155996	-12.266731
6.842150	-13.403559
6.670109	-15.215878
8.428315	-13.131261
10.173823	-13.660607
6.879749	-12.461225
9.737698	-11.819560
9.086601	-12.009575
10.047600	-13.929348
9.974772	-13.977625
11.776451	-13.722386
10.001986	-13.696649
10.142113	-14.686313
9.657099	-14.214323
8.795406	-12.427053
9.800308	-13.550810
8.837175	-12.835209
8.176800	-13.185879
7.468282	-12.346971
11.805829	-12.106199
10.087049	-13.521012
8.615202	-13.321406
9.877160	-14.718957
7.622597	-12.487494
10.067915	-12.305716
9.278072	-14.572024
6.490057	-14.148310
9.513069	-13.262818
11.466371	-12.312442
10.050448	-14.526492
10.394528	-14.689649
10.825562	-12.029547
11.852350	-11.934852
8.907550	-11.998042
11.534720	-14.862152
10.586186	-13.656732
8.373005	-10.791113
8.951386	-12.048059
10.264688	-12.946550
8.938804	-11.731898
11.051095	-13.945689
9.800561	-14.431819
8.629360	-12.547984
10.275719	-11.593668
8.776689	-13.509134
6.905124	-12.080653
7.586888	-11.037845
9.371934	-13.348719
7.185085	-12.497578
8.642565	-14.100037
10.316348	-13.117692
8.444354	-11.534991
9.776702	-12.342788
10.195436	-11.526722
9.511559	-12.379650
9.706030	-13.602216
9.985978	-13.618095
10.376920	-12.945382
7.748914	-11.692045
9.686405	-11.833814
10.083290	-14.536598
9.890559	-12.962698
10.613515	-12.626563
8.620478	-11.865423
8.477904	-14.590179
10.016333	-12.755857
9.243415	-13.825089
7.156906	-13.520088
8.138828	-14.000496
10.533431	-11.863083
9.185261	-11.820030
9.133628	-11.220198
8.869353	-12.828314
8.765457	-12.756880
9.849283	-14.898013
8.955446	-12.178201
8.258722	-14.192049
9.504439	-12.968904
7.359383	-13.273401
9.986397	-11.935604
10.535908	-14.459051
8.268028	-12.352374
8.002504	-15.000310
8.940456	-14.898843
9.951787	-12.363848
9.162869	-12.303006
7.196906	-14.085232
9.311343	-14.394081
8.679771	-13.008125
8.232026	-14.534798
7.019885	-13.659307
8.393446	-13.106310
8.662997	-11.562263
11.265904	-14.006823
9.345448	-12.511834
9.327796	-12.593936
-2.065754	0.050359
2.427072	1.899193
2.459148	0.602944
2.586108	3.393261
3.195890	2.064907
1.428890	2.197170
2.069730	2.218474
2.440409	3.683159
0.989817	1.507965
4.698590	1.688236
-0.607384	4.049625
-0.764267	2.275271
1.735593	2.499420
-1.602513	2.291092
3.114253	0.758924
1.385548	1.977772
2.615992	2.376095
2.974558	2.102264
0.620386	1.830557
-0.565159	2.731151
1.439042	3.951290
2.440015	1.929822
-0.250953	4.564889
2.870054	2.277902
0.466554	2.924875
-0.241964	0.663585
-0.807047	5.588471
2.471596	3.563746
-1.211316	2.436095
3.669451	3.217192
1.154292	0.607087
2.497281	1.176558
2.869120	5.470021
2.675072	3.564424
0.154578	0.785781
-1.052341	2.528301
2.221736	2.690335
1.589670	4.480950
1.746103	3.518635
0.616372	4.444187
-0.020197	1.028631
0.653039	2.318155
-0.574562	0.617250
2.411029	2.574604
1.960843	1.442968
-0.414685	0.357877
0.266361	2.001928
3.149970	2.569311
0.036163	5.221126
0.700217	2.851093
0.971370	2.927800
0.280396	4.080384
2.133068	1.832720
-1.241985	1.091579
-0.759118	0.363519
-0.213063	0.911571
-0.640003	2.102380
0.452707	5.747781
-0.235146	4.411280
-2.121161	3.170419
0.377477	1.289739
0.238408	1.823987
1.041490	4.176285
1.842473	3.540736
0.517205	1.877162
2.360158	3.347612
-0.108571	1.289755
2.047635	2.724019
0.152460	4.360014
2.094669	3.827013
1.852488	3.033171
-1.361058	1.455538
-0.516588	1.647320
2.101132	3.798573
1.747085	2.703159
3.391866	0.078284
1.902405	4.110474
0.747977	2.742086
1.924829	1.128932
1.723498	5.146549
-1.272396	3.975206
0.760693	-0.671036
0.930137	1.855505
1.163602	2.780261
-0.153299	0.012156
0.795406	1.547247
-1.104544	0.201515
1.097013	1.191592
-0.499870	0.550021
2.194539	1.197497
-0.168255	3.223609
2.820702	1.468626
1.783879	3.139151
1.031591	3.102795
0.033512	4.886072
2.491483	0.184708
-0.279965	2.539375
2.854435	3.323690
2.762661	1.548784
0.131277	2.447680
1.841069	0.744354
0.488988	1.018322
1.343564	1.552283
1.297288	2.439404
1.017482	3.629489
-1.110823	1.367371
0.925135	1.712910
-0.563539	4.168269
0.152822	2.295465
2.492195	3.412714
3.914868	2.252221
0.557014	1.404302
2.129769	3.300968
-3.246765	1.325761
2.885194	2.880693
2.851576	0.891498
3.773842	2.281215
1.546474	2.955718
-0.104747	2.677820
1.824143	3.063835
0.857752	3.266603
0.950668	3.353748
1.381571	1.824437
1.551651	1.713533
1.062660	1.202632
-2.088411	4.050133
2.278321	3.093366
0.322529	2.237280
1.825487	3.963800
2.238461	5.428114
1.611393	1.020829
2.079684	-0.805759
0.275718	2.788794
1.256481	2.001395
-1.883481	2.877979
0.636320	2.687872
3.420792	4.210492
-1.662983	4.374392
-0.832869	3.434725
0.299027	1.977655
-0.767423	2.164635
-0.334283	2.197184
0.619845	1.237013
1.579450	1.522951
2.452419	6.335473
2.104122	6.221018
1.606519	2.035366
-0.535803	1.644744
-1.938180	0.860104
0.164735	4.263245
1.792274	0.172940
-1.127847	3.720679
2.666019	1.887941
4.486775	2.465177
0.989122	5.277295
-1.036834	0.495398
0.678434	3.944763
-1.340764	4.067109
2.030892	6.757359
2.463393	3.967027
-1.333460	1.558602
2.804774	1.437744
-0.669687	1.514186
1.371277	4.838821
-0.706375	1.462887
1.870770	1.988746
2.566839	3.430217
-0.050239	2.501939
1.058974	4.660391
0.685332	0.892354
3.222029	3.288740
1.463094	0.841066
1.011739	1.594391
0.241336	6.176150
-1.890996	4.688938
0.002735	5.324980
3.431043	2.718613
-1.298112	1.612070
0.486740	1.444932
-0.892185	0.286755
1.355794	1.637375
1.231842	5.159239
0.718377	5.810370
-2.195320	3.790820
3.258496	1.910501
-0.091296	2.708181
0.789669	1.662210
1.097676	2.965031
-0.501337	4.413894
1.744958	2.962114
0.147830	2.364624
-0.763662	5.338639
1.468576	1.680320
0.205822	0.550399
1.467798	1.485649
-0.980651	5.426086
1.079337	3.094792
1.350749	1.141230
0.640102	1.089262
2.631086	3.872404
1.306309	2.205368
-0.790636	2.192807
3.065864	4.575612
1.298566	1.475786
3.064184	1.023389
0.110571	4.179479
1.694626	3.938443
-0.179251	3.335610
2.197828	-2.021073
1.460377	2.335796
2.052574	3.759119
0.936693	2.087223
-0.921301	3.629365
-0.833835	3.478372
0.582324	1.982522
-1.418509	3.047013
1.494130	2.261563
0.342331	0.129366
-1.001982	2.997757
2.187148	1.058748
0.400423	2.780844
1.639994	0.676707
-1.208492	3.197312
0.639488	1.445885
-0.460892	2.681929
1.478105	2.821520
0.554304	5.061861
-1.039238	0.870898
0.416844	2.690717
-0.484781	2.066479
2.486822	5.048731
0.916681	4.554484
0.443530	3.841849
2.650626	2.992916
2.736897	2.676262
-0.412683	1.521121
0.244573	1.958061
0.757749	0.102293
0.539589	0.648377
3.130535	4.951362
2.301883	1.567073
3.640406	0.237285
2.896837	3.973052
4.682853	1.487493
-0.560035	5.343086
1.244549	2.757133
1.517934	1.932585
0.373869	2.285620
-1.359598	1.157292
0.156714	-0.334809
-0.285297	0.367716
4.103578	3.680529
2.867583	1.031726
-1.537656	2.299323
1.447638	3.225661
1.863057	4.151605
-0.083876	-0.275885
2.076662	1.428713
0.780880	3.904184
0.038146	3.647841
-0.418524	-0.177208
-1.928570	2.680126
2.528600	4.793492
1.558584	2.453105
-0.074701	0.881127
1.088507	5.185421
-0.629020	4.581349
1.181093	5.073439
2.445616	1.814015
0.098765	3.989354
-0.345643	1.276349
1.032120	3.737921
0.838777	2.753933
1.082587	4.490502
-0.971669	2.784634
1.367615	3.855103
0.746394	4.691121
0.482207	2.156098
1.806562	2.442488
1.933035	2.632848
1.506210	4.419093
1.915983	0.708163
0.335540	1.739264
2.821772	1.965589
1.183121	2.840779
0.228090	5.005575
0.505521	4.202002
1.040343	0.321113
0.078685	3.471129
2.604030	5.004870
0.241126	1.614898
1.955923	1.714883
0.039811	3.160051
1.812549	2.047566
2.219011	0.383065
0.330443	1.752102
-0.207013	3.678356
-1.218303	3.146034
2.534913	1.533396
-0.749912	5.618958
-0.134986	2.798126
2.914320	3.468954
1.616462	1.212650
4.798462	3.123030
0.876948	3.576358
0.406970	1.779086
-1.609784	4.495541
2.440561	2.634349
0.017359	2.048314
0.859511	2.405534
1.145605	-2.563594
0.435397	4.498859
1.346649	2.664364
-0.150060	2.525751
1.765267	3.073029
0.747931	1.957019
-0.075268	1.045531
-0.797119	4.018806
0.389288	2.555074
1.384209	2.244419
0.926408	3.712370
-0.323362	4.815287
0.716477	4.974103
3.137849	2.367532
2.975747	1.920410
3.025022	3.690894
3.115802	0.510691
3.936396	3.452734
-0.006981	0.598371
2.255069	5.223459
1.602409	1.782860
1.878249	0.733112
-1.097318	2.808391
-0.571367	1.697352
-0.212304	1.911775
3.301565	4.251960
2.595748	2.365818
-0.537578	2.372097
2.113065	4.951547
-0.501712	3.467747
2.307137	3.303970
2.234633	2.452553
0.659892	2.918143
2.239516	1.365670
-0.158376	0.727998
-0.252614	4.778839
0.386217	2.944010
2.942652	2.900043
1.726097	0.545793
-0.033862	2.525643
0.480074	0.845191
0.465396	3.335434
2.770199	1.786559
0.531943	1.344883
0.334951	2.697369
2.074409	0.668743
4.334378	4.839497
-1.495626	3.321669
2.572373	1.708698
2.344602	5.664719
-0.670432	0.904415
-1.053480	3.403625
0.028083	2.820430
2.199909	1.104279
0.906172	2.822833
0.200278	4.737670
1.459441	4.138241
0.337763	1.426720
0.411410	1.625878
1.905386	2.781767
0.285632	1.482878
0.846951	1.486406
1.183359	2.057009
2.711198	-1.197748
2.295644	1.945664
1.317434	5.065147
-2.321911	1.226952
0.791430	4.178353
3.061884	2.470723
3.235999	3.178619
3.665423	1.456964
2.895936	2.059978
0.955691	5.327534
-1.903050	0.203847
-0.495546	2.460269
1.122254	1.591941
5.151617	3.883413
1.420369	3.752813
0.998241	2.187675
0.608775	2.274812
-0.689846	2.134548
-0.346836	4.406898
1.115687	6.167800
0.112962	2.020890
1.921138	4.119922
0.233592	4.083313
0.905247	4.701604
0.850978	7.357320
1.834127	0.433170
4.254889	2.069866
-1.166895	2.421620
2.605146	2.587211
2.691117	3.365122
-0.462295	3.428869
3.870828	3.251796
-4.068464	2.902808
0.486504	4.143224
0.861326	2.260639
2.472000	1.489625
0.588696	2.959098
-1.521183	2.452528
0.681224	3.256160
2.014998	5.260414
1.926944	2.502711
-1.655401	3.792286
-0.940831	1.672013
0.832419	-1.229671
1.242741	2.340828
-0.147625	0.914877
1.824239	1.272035
2.747595	2.992990
4.011076	0.046320
-0.495923	2.676488
2.843630	0.698398
0.785885	2.769559
2.796683	3.943924
1.116404	1.816255
0.356599	3.739587
-2.666406	0.351342
2.556251	2.515256
0.323013	2.151044
0.383801	3.820092
0.160599	3.246706
2.862027	4.422548
3.639700	-0.194300
0.947545	2.831768
0.473849	0.539990
0.035862	3.253046
2.350540	1.478047
2.427375	4.260792
2.406792	3.563201
-2.056678	2.086871
2.372548	-1.250825
1.782064	1.988749
-1.065934	6.621676
2.015858	3.422182
3.483973	3.657320
-0.460440	1.967651
-1.603289	0.276119
3.935190	2.146920
1.757401	1.453070
3.107595	1.122906
1.078286	1.263566
-0.052183	1.252439
0.037108	2.106795
1.235335	3.971586
-0.169957	0.807753
1.977468	3.110586
1.275327	3.450919
2.790228	4.047602
-0.321633	1.088156
-1.506674	3.492379
3.242628	1.813379
1.309291	0.315138
0.888942	3.060953
0.252500	3.548498
2.955213	4.029464
1.742939	0.261997
0.248133	2.865246
-0.118604	2.164404
0.622028	4.034375
1.813846	2.553387
0.712350	4.836631
1.634074	0.607390
-2.432951	3.861975
-1.401342	0.190227
-0.513497	1.095148
0.867775	2.617265
1.655886	4.449282
1.773530	2.327040
-2.083472	4.161729
-0.854531	3.531800
-0.336696	-0.060164
0.720662	5.156379
0.752751	0.360542
2.859793	3.036951
3.384304	2.323097
-0.107003	2.593785
3.428689	1.452998
1.266205	1.754252
-0.903629	3.495234
1.236541	2.976993
-1.076489	1.884695
-0.769768	2.056026
1.607001	3.066379
0.900114	3.498911
0.204375	4.195343
0.916997	3.655777
0.822519	0.924717
1.005698	2.607062
0.462321	0.874618
0.729134	3.455097
0.897745	4.586823
0.704105	1.427694
-1.494188	2.709865
-0.697337	2.768675
-0.550152	2.094485
-0.874915	2.193548
2.085377	4.040191
-0.609618	-0.508759
2.671155	3.320501
0.199919	3.485637
1.007003	3.719857
0.827501	6.194212
0.512482	-1.821425
0.321699	3.500311
-1.664819	4.922636
1.712349	2.514792
2.590588	1.925243
2.765911	2.574064
2.694245	4.223212
2.352837	1.607295
3.184111	4.276347
-0.834277	4.839832
2.655054	4.023666
-0.122220	3.363766
1.399413	4.817875
0.433228	2.156436
-0.501749	2.207699
0.397767	1.232981
1.341407	0.927633
2.735706	2.412855
0.994483	1.938312
-0.729344	3.683286
-0.229916	3.424178
-0.139348	2.100575
0.467598	1.713813
3.366047	2.809180
-0.183594	3.208843
0.270497	2.199275
2.528699	-1.425872
-0.675916	0.760444
2.990839	1.524429
2.082718	3.174222
1.848819	3.473279
2.833769	-1.294459
1.154821	3.193484
-1.549350	2.427664
1.206997	2.716337
-1.892054	3.191499
0.848051	1.124702
-0.605275	1.889415
1.732494	3.003902
2.768439	2.621776
-0.369467	2.946267
-3.233493	2.342942
1.590700	-0.668039
3.147676	0.693611
1.532817	-0.745423
0.354062	3.736286
3.259567	1.412506
0.373075	3.054614
1.047742	3.631263
0.364358	1.465978
1.438019	3.185475
-0.261966	1.588175
0.600945	3.541531
2.312077	2.178412
2.180371	3.018369
2.193211	2.570262
2.627909	1.933835
0.182009	4.642961
1.617253	3.069504
1.321562	2.232265
-0.134076	2.770107
1.369630	4.284377
2.578483	2.237218
0.730783	2.794450
-0.808464	0.950194
3.781026	0.616107
1.723310	4.002333
-1.370170	5.617693
1.579434	3.705794
4.283907	1.238739
0.974621	1.806942
1.005350	1.699353
-2.228570	2.459152
-0.053008	1.133130
0.982900	3.596636
0.685106	2.148668
0.383796	2.456312
0.528418	1.478121
-2.173980	1.021861
-0.648045	4.433409
1.946425	1.084032
2.148710	3.164906
2.312967	2.824056
0.214568	1.941267
-0.406015	2.445011
0.155743	1.087837
